start 125 256
finish 500 0
-11 73 14
0 0 10
1 413 11
1 445 11
1 477 11
21 73 14
33 477 11
53 73 14
64 320 10
65 477 11
85 73 14
96 224 13
96 256 11
96 288 11
96 320 10
97 477 11
117 73 14
129 322 14
129 477 11
149 73 14
161 322 14
161 477 11
181 73 14
193 322 14
193 477 11
213 73 14
225 322 14
225 477 11
245 73 14
257 322 14
280 -21 14
280 11 14
280 43 14
280 75 14
280 107 14
280 139 14
280 171 14
289 322 14
312 -21 14
312 11 14
312 43 14
312 75 14
312 107 14
312 139 14
312 171 14
321 322 14
353 322 14
385 322 14
417 322 14
449 322 14
478 138 10
478 170 13
481 322 14
510 138 10
513 322 14
542 10 10
542 42 10
542 74 10
542 106 10
542 138 10
545 322 14
577 322 14
609 322 14
641 322 14
673 322 14
705 322 14
737 322 14
769 322 14
801 322 14
833 322 14
865 2 14
865 34 14
865 66 14
865 98 14
865 130 14
865 162 14
865 194 14
865 226 14
865 258 14
865 290 14
865 322 14
